15 54
70 32
82 69
55 72
37 84
33 67
80 32
65 43
17 92
70 18
9 16
12 38
70 70
33 51
45 45
71 99
10 64
77 5
52 30
1 6
90 1
69 22
64 14
8 32
93 55
90 83
27 39
2 66
53 67
48 89
33 97
3 99
14 28
97 32
75 25
39 22
70 89
46 24
82 65
42 87
22 70
84 34
45 10
99 13
3 16
20 83
69 93
74 56
24 62
27 82
7 79
40 7
31 91
58 97
66 21
23 47
98 40
78 48
73 2
79 99
79 94
54 66
12 37
5 40
86 81
69 88
80 2
10 53
14 72
29 24
71 0
43 50
23 0
45 44
6 94
34 27
95 89
86 16
35 95
27 68
37 28
86 99
66 50
15 66
87 91
44 79
31 97
60 9
29 41
69 45
40 64
62 58
78 49
93 44
29 13
72 16
58 11
32 41
0 92
3 35
20 46
85 45
91 98
4 44
29 28
86 71
13 77
15 33
32 1
61 85
10 7
57 69
86 88
94 96
70 69
62 45
43 71
79 45
68 18
69 82
26 14
93 76
21 36
37 29
73 12
75 81
29 67
87 84
83 24
58 53
16 27
56 64
65 42
97 99
97 51
75 72
10 26
29 20
81 22
91 83
53 84
57 66
85 53
44 16
44 85
79 21
33 34
96 83
61 78
87 11
85 1
71 75
60 79
64 73
46 16
36 37
2 53
51 88
76 30
3 50
82 76
29 10
80 19
62 44
96 38
54 7
26 51
43 73
80 6
54 26
35 53
50 72
88 12
65 60
84 12
2 5
60 43
4 92
95 48
49 47
51 9
42 6
86 74
76 46
59 33
89 14
87 90
54 35
93 69
82 42
79 57
62 39
8 57
32 30
57 42
85 80
97 16
26 84
13 27
55 90
18 85
71 61
5 25
29 40
61 8
16 63
8 4
61 11
51 90
26 67
10 42
84 73
73 19
43 9
16 76
30 17
84 91
7 98
6 17
1 63
32 84
49 10
59 77
88 64
97 68
68 60
22 58
71 37
97 77
83 23
79 46
81 46
0 11
1 30
17 45
77 39
2 25
5 83
90 98
69 54
0 46
99 4
9 11
5 65
11 52
44 27
69 46
70 4
5 79
66 60
16 51
12 48
62 26
74 59
98 60
37 35
16 91
7 71
77 48
40 43
33 6
73 9
75 57
13 94
32 27
38 86
67 2
0 59
86 84
17 33
90 33
56 63
98 52
14 5
32 91
6 89
50 12
11 65
92 19
28 15
64 91
65 56
39 30
27 58
65 19
89 44
54 12
50 7
67 76
23 46
20 12
23 71
20 71
59 57
40 6
48 79
90 80
5 0
3 6
3 70
75 99
32 70
44 12
81 78
83 63
12 87
21 44
78 29
85 25
63 37
44 53
80 78
42 44
22 1
67 73
82 57
9 51
31 99
37 49
8 19
40 15
90 64
68 43
60 76
78 51
51 22
14 79
31 93
5 76
48 8
85 18
10 34
32 65
29 88
32 24
73 74
28 33
36 58
4 65
29 77
73 7
23 45
84 16
83 17
40 42
18 78
27 24
74 70
58 57
58 39
89 90
69 98
53 55
78 28
63 82
93 5
95 61
35 90
41 37
79 78
1 56
22 92
4 77
36 52
41 8
32 71
43 60
73 81
55 19
55 63
23 57
45 30
82 61
0 2
9 75
59 29
3 41
99 90
52 15
72 32
39 29
26 73
27 89
28 52
10 67
38 75
52 99
27 60
75 76
12 49
43 77
98 28
70 23
90 2
28 94
99 17
93 98
2 41
72 3
40 80
10 40
75 51
63 4
91 85
94 28
84 65
20 87
47 46
32 39
94 25
33 3
40 28
66 3
18 43
18 23
75 92
38 55
4 86
12 25
5 8
79 40
68 11
25 17
55 40
59 23
28 13
19 52
23 41
9 64
57 63
53 78
45 26
78 14
77 65
43 6
17 63
76 52
63 63
67 69
90 71
48 30
85 98
33 89
86 36
29 80
11 46
40 78
46 37
63 47
43 52
14 82
11 87
46 61
85 16
17 61
33 37
2 46
94 95
82 28
77 78
35 60
65 28
81 97
59 66
92 90
33 60
75 14
67 19
76 39
65 91
52 2
54 87
78 19
98 3
95 27
83 29
72 47
2 63
51 45
7 22
93 10
3 28
69 49
5 49
58 7
95 29
23 84
58 6
0 32
32 40
4 21
79 65
21 58
46 41
39 47
82 90
72 46
27 8
42 14
31 19
